generation,stage,candidate_idx,risk_aversion,herd_behavior,profit_driven,ticker,company,id,quarter,date,permno,holding_t,y_true,pred,abs_error,reward,valid,best_k,profile_strength_mode,x_risk_mean,x_herd_mean,x_profit_mean,overall_mean,raw_output,reason,answer_body
80,llm_candidates,0,0.28686199891015296,0.4610282125341744,0.25210876404853366,QCOM,QUALCOMM INC,792,NA,2018-01-01 00:00:00,77178,1724.520549,0.04838738514009049,-0.04,0.0883873851400905,-0.0883873851400905,True,1,type_mean,0.0103525982245567,0.0090280272915204,0.3929906965358246,0.1374571073506339,"
<think>Given the firm's moderate profitability (profit=0.203) and positive asset growth (Gat=0.224), alongside a beta above 1 indicating higher systematic risk, the stock appears fundamentally sound but with elevated volatility. The fund's current holding is substantial relative to its AUM, and the stock's low S&P 500 weight suggests limited benchmark-driven pressure. Considering the high beta and recent volatility, a modest reduction in the large existing position might be expected to manage risk exposure, leading to a small negative normalized log change.</think>
<answer>
{""holding_log_delta"": -0.04}
</answer>","Given the firm's moderate profitability (profit=0.203) and positive asset growth (Gat=0.224), alongside a beta above 1 indicating higher systematic risk, the stock appears fundamentally sound but with elevated volatility. The fund's current holding is substantial relative to its AUM, and the stock's low S&P 500 weight suggests limited benchmark-driven pressure. Considering the high beta and recent volatility, a modest reduction in the large existing position might be expected to manage risk exposure, leading to a small negative normalized log change.","{""holding_log_delta"": -0.04}"
80,llm_candidates,1,0.31115908571827977,0.4418417339454783,0.24699817659725565,QCOM,QUALCOMM INC,792,NA,2018-01-01 00:00:00,77178,1724.520549,0.04838738514009049,-0.04,0.0883873851400905,-0.0883873851400905,True,1,type_mean,0.0103525982245567,0.0090280272915204,0.3929906965358246,0.1374571073506339,"
<think>Given the firm's moderate profitability (profit=0.203) and positive asset growth (Gat=0.224), alongside a beta above 1 indicating higher systematic risk, the stock appears fundamentally sound but with elevated volatility (stock_vol_q_prev=0.343). The fund's current holding is substantial relative to AUM, and the stock's low S&P 500 weight suggests limited benchmark-driven pressure. Considering the high beta and recent volatility, a modest reduction in exposure might be expected to manage risk, leading to a small negative normalized log change.</think>
<answer>
{""holding_log_delta"": -0.04}
</answer>","Given the firm's moderate profitability (profit=0.203) and positive asset growth (Gat=0.224), alongside a beta above 1 indicating higher systematic risk, the stock appears fundamentally sound but with elevated volatility (stock_vol_q_prev=0.343). The fund's current holding is substantial relative to AUM, and the stock's low S&P 500 weight suggests limited benchmark-driven pressure. Considering the high beta and recent volatility, a modest reduction in exposure might be expected to manage risk, leading to a small negative normalized log change.","{""holding_log_delta"": -0.04}"
80,llm_candidates,2,0.2911415386048047,0.4618107164076213,0.24704674105123398,QCOM,QUALCOMM INC,792,NA,2018-01-01 00:00:00,77178,1724.520549,0.04838738514009049,-0.04,0.0883873851400905,-0.0883873851400905,True,1,type_mean,0.0103525982245567,0.0090280272915204,0.3929906965358246,0.1374571073506339,"
<think>Given the firm's moderate profitability (profit=0.203) and positive asset growth (Gat=0.224), alongside a beta above 1 indicating higher systematic risk, the stock appears fundamentally sound but with elevated volatility. The fund's current holding is substantial relative to AUM, and the stock's low S&P 500 weight suggests limited benchmark-driven pressure. Considering the high beta and recent volatility, a modest reduction in holding might be expected to manage risk exposure, though the positive fundamentals could support a slight increase. The net effect likely results in a small negative adjustment.</think>
<answer>
{""holding_log_delta"": -0.04}
</answer>","Given the firm's moderate profitability (profit=0.203) and positive asset growth (Gat=0.224), alongside a beta above 1 indicating higher systematic risk, the stock appears fundamentally sound but with elevated volatility. The fund's current holding is substantial relative to AUM, and the stock's low S&P 500 weight suggests limited benchmark-driven pressure. Considering the high beta and recent volatility, a modest reduction in holding might be expected to manage risk exposure, though the positive fundamentals could support a slight increase. The net effect likely results in a small negative adjustment.","{""holding_log_delta"": -0.04}"
80,llm_candidates,3,0.304174817081614,0.44632163823220794,0.24950253077012108,QCOM,QUALCOMM INC,792,NA,2018-01-01 00:00:00,77178,1724.520549,0.04838738514009049,-0.05,0.09838738514009049,-0.09838738514009049,True,1,type_mean,0.0103525982245567,0.0090280272915204,0.3929906965358246,0.1374571073506339,"
<think>Given the firm's moderate profitability (profit=0.203) and positive asset growth (Gat=0.224), alongside a beta above 1 indicating higher systematic risk, the stock appears fundamentally sound but with elevated volatility. The fund's current holding is substantial relative to AUM, and the stock's S&P 500 weight is modest, suggesting limited benchmark-driven pressure. Considering the high beta and recent volatility, a modest reduction in exposure might be expected to manage risk, leading to a small negative normalized log change.</think>
<answer>
{""holding_log_delta"": -0.05}
</answer>","Given the firm's moderate profitability (profit=0.203) and positive asset growth (Gat=0.224), alongside a beta above 1 indicating higher systematic risk, the stock appears fundamentally sound but with elevated volatility. The fund's current holding is substantial relative to AUM, and the stock's S&P 500 weight is modest, suggesting limited benchmark-driven pressure. Considering the high beta and recent volatility, a modest reduction in exposure might be expected to manage risk, leading to a small negative normalized log change.","{""holding_log_delta"": -0.05}"
80,llm_candidates,4,0.28110217520463904,0.4718500798077869,0.24704674105123398,QCOM,QUALCOMM INC,792,NA,2018-01-01 00:00:00,77178,1724.520549,0.04838738514009049,-0.03,0.0783873851400905,-0.0783873851400905,True,1,type_mean,0.0103525982245567,0.0090280272915204,0.3929906965358246,0.1374571073506339,"
<think>Given the firm's moderate profitability (profit=0.203) and positive asset growth (Gat=0.224), alongside a beta above 1 indicating higher systematic risk, the stock appears fundamentally sound but with elevated volatility. The fund's current holding is substantial relative to AUM, and the stock's S&P 500 weight is modest, suggesting limited benchmark-driven pressure. Considering the high beta and recent volatility, a modest reduction in holding might be expected to manage risk exposure, though the positive fundamentals could support a slight increase. The net effect likely results in a small negative adjustment.</think>
<answer>
{""holding_log_delta"": -0.03}
</answer>","Given the firm's moderate profitability (profit=0.203) and positive asset growth (Gat=0.224), alongside a beta above 1 indicating higher systematic risk, the stock appears fundamentally sound but with elevated volatility. The fund's current holding is substantial relative to AUM, and the stock's S&P 500 weight is modest, suggesting limited benchmark-driven pressure. Considering the high beta and recent volatility, a modest reduction in holding might be expected to manage risk exposure, though the positive fundamentals could support a slight increase. The net effect likely results in a small negative adjustment.","{""holding_log_delta"": -0.03}"
80,llm_candidates,5,0.30999969000031,0.44999955000045005,0.23999976000024,QCOM,QUALCOMM INC,792,NA,2018-01-01 00:00:00,77178,1724.520549,0.04838738514009049,-0.04,0.0883873851400905,-0.0883873851400905,True,1,type_mean,0.0103525982245567,0.0090280272915204,0.3929906965358246,0.1374571073506339,"
<think>Given the firm's moderate profitability and growth, alongside a beta above 1 indicating higher systematic risk, the stock may be viewed as having mixed fundamentals. The fund's current holding is substantial relative to its AUM and the stock's S&P 500 weight, suggesting a meaningful active position. Considering the high beta and the fund's high turnover constraint, a modest adjustment to align with benchmark weight or manage risk exposure is likely, leading to a small negative normalized log change.</think>
<answer>
{""holding_log_delta"": -0.04}
</answer>","Given the firm's moderate profitability and growth, alongside a beta above 1 indicating higher systematic risk, the stock may be viewed as having mixed fundamentals. The fund's current holding is substantial relative to its AUM and the stock's S&P 500 weight, suggesting a meaningful active position. Considering the high beta and the fund's high turnover constraint, a modest adjustment to align with benchmark weight or manage risk exposure is likely, leading to a small negative normalized log change.","{""holding_log_delta"": -0.04}"
